CATMULL_ROM
241
12

0.0465 0.0000
0.0315 -0.0189
0.0219 -0.0410
-0.0009 -0.0500
-0.0233 -0.0403
-0.0321 -0.0178
-0.0465 0.0016
-0.0429 0.0257
-0.0233 0.0403
0.0006 0.0367
0.0246 0.0395
0.0437 0.0243
0.0000
2.6184 0.0359 0.9958 -0.0843
2.2249 0.8723 0.0588

0.0499 -0.0000
0.0338 -0.0203
0.0235 -0.0441
-0.0009 -0.0537
-0.0250 -0.0432
-0.0344 -0.0191
-0.0499 0.0017
-0.0460 0.0276
-0.0250 0.0432
0.0007 0.0394
0.0264 0.0424
0.0470 0.0261
1.0000
1.0591 -0.0699 0.9851 -0.1573
2.2184 0.8108 0.0676

0.0520 0.0000
0.0351 -0.0211
0.0244 -0.0459
-0.0010 -0.0559
-0.0260 -0.0450
-0.0358 -0.0199
-0.0519 0.0018
-0.0479 0.0288
-0.0260 0.0450
0.0007 0.0410
0.0275 0.0441
0.0489 0.0271
1.0000
0.5527 -0.2895 -0.9485 -0.1285
2.2118 0.7492 0.0761

0.0520 -0.0000
0.0351 -0.0211
0.0244 -0.0459
-0.0010 -0.0559
-0.0260 -0.0450
-0.0358 -0.0199
-0.0519 0.0018
-0.0479 0.0288
-0.0260 0.0450
0.0007 0.0410
0.0275 0.0441
0.0489 0.0271
1.0000
2.1006 -0.0929 -0.9950 0.0363
2.2051 0.6876 0.0845

0.0520 0.0000
0.0351 -0.0211
0.0244 -0.0459
-0.0010 -0.0559
-0.0260 -0.0450
-0.0358 -0.0199
-0.0519 0.0018
-0.0479 0.0288
-0.0260 0.0450
0.0007 0.0410
0.0275 0.0441
0.0489 0.0271
1.0000
2.6183 0.0350 0.9960 -0.0824
2.1984 0.6261 0.0930

0.0520 0.0000
0.0351 -0.0211
0.0244 -0.0459
-0.0010 -0.0559
-0.0260 -0.0450
-0.0358 -0.0199
-0.0519 0.0018
-0.0479 0.0288
-0.0260 0.0450
0.0007 0.0410
0.0275 0.0441
0.0489 0.0271
1.0000
1.0584 -0.0649 0.9853 -0.1580
2.1918 0.5645 0.1015

0.0520 -0.0000
0.0351 -0.0211
0.0244 -0.0459
-0.0010 -0.0559
-0.0260 -0.0450
-0.0358 -0.0199
-0.0519 0.0018
-0.0479 0.0288
-0.0260 0.0450
0.0007 0.0410
0.0275 0.0441
0.0489 0.0271
1.0000
0.5519 -0.2897 -0.9493 -0.1216
2.1852 0.5029 0.1099

0.0520 -0.0000
0.0351 -0.0211
0.0244 -0.0459
-0.0010 -0.0559
-0.0260 -0.0450
-0.0358 -0.0199
-0.0519 0.0018
-0.0479 0.0288
-0.0260 0.0450
0.0007 0.0410
0.0275 0.0441
0.0489 0.0271
1.0000
2.1003 -0.0908 -0.9952 0.0359
2.1787 0.4413 0.1183

0.0520 -0.0000
0.0351 -0.0211
0.0244 -0.0459
-0.0010 -0.0559
-0.0260 -0.0450
-0.0358 -0.0199
-0.0519 0.0018
-0.0479 0.0288
-0.0260 0.0450
0.0007 0.0410
0.0275 0.0441
0.0489 0.0271
1.0000
2.6178 0.0359 0.9963 -0.0787
2.1721 0.3797 0.1264

0.0520 -0.0000
0.0351 -0.0211
0.0244 -0.0459
-0.0010 -0.0559
-0.0260 -0.0450
-0.0358 -0.0199
-0.0519 0.0018
-0.0479 0.0288
-0.0260 0.0450
0.0007 0.0410
0.0275 0.0441
0.0489 0.0271
1.0000
1.0565 -0.0533 0.9865 -0.1546
2.1654 0.3181 0.1343

0.0520 -0.0000
0.0351 -0.0211
0.0244 -0.0459
-0.0010 -0.0559
-0.0260 -0.0450
-0.0358 -0.0199
-0.0519 0.0018
-0.0479 0.0288
-0.0260 0.0450
0.0007 0.0410
0.0275 0.0441
0.0489 0.0271
1.0000
0.5505 -0.2657 -0.9541 -0.1384
2.1586 0.2564 0.1419

0.0520 0.0000
0.0351 -0.0211
0.0244 -0.0459
-0.0010 -0.0559
-0.0260 -0.0450
-0.0358 -0.0199
-0.0519 0.0018
-0.0479 0.0288
-0.0260 0.0450
0.0007 0.0410
0.0275 0.0441
0.0489 0.0271
1.0000
2.1014 -0.0900 -0.9956 0.0254
2.1517 0.1947 0.1493

0.0520 0.0000
0.0351 -0.0211
0.0244 -0.0459
-0.0010 -0.0559
-0.0260 -0.0450
-0.0358 -0.0199
-0.0519 0.0018
-0.0479 0.0288
-0.0260 0.0450
0.0007 0.0410
0.0275 0.0441
0.0489 0.0271
1.0000
2.6161 0.0443 0.9964 -0.0726
2.1445 0.1331 0.1564

0.0520 0.0000
0.0351 -0.0211
0.0244 -0.0459
-0.0010 -0.0559
-0.0260 -0.0450
-0.0358 -0.0199
-0.0519 0.0018
-0.0479 0.0288
-0.0260 0.0450
0.0007 0.0410
0.0275 0.0441
0.0489 0.0271
1.0000
1.0551 -0.0325 0.9861 -0.1629
2.1368 0.0714 0.1633

0.0520 -0.0000
0.0351 -0.0211
0.0244 -0.0459
-0.0010 -0.0559
-0.0260 -0.0450
-0.0358 -0.0199
-0.0519 0.0018
-0.0479 0.0288
-0.0260 0.0450
0.0007 0.0410
0.0275 0.0441
0.0489 0.0271
1.0000
0.5540 -0.2502 -0.9514 -0.1797
2.1288 0.0098 0.1701

0.0520 -0.0000
0.0351 -0.0211
0.0244 -0.0459
-0.0010 -0.0559
-0.0260 -0.0450
-0.0358 -0.0199
-0.0519 0.0018
-0.0479 0.0288
-0.0260 0.0450
0.0007 0.0410
0.0275 0.0441
0.0489 0.0271
1.0000
2.1035 -0.0953 -0.9954 0.0133
2.1206 -0.0518 0.1766

0.0520 0.0000
0.0351 -0.0211
0.0244 -0.0459
-0.0010 -0.0559
-0.0260 -0.0450
-0.0358 -0.0199
-0.0519 0.0018
-0.0479 0.0288
-0.0260 0.0450
0.0007 0.0410
0.0275 0.0441
0.0489 0.0271
1.0000
2.6146 0.0511 0.9965 -0.0666
2.1124 -0.1134 0.1828

0.0520 0.0000
0.0351 -0.0211
0.0244 -0.0459
-0.0010 -0.0559
-0.0260 -0.0450
-0.0358 -0.0199
-0.0519 0.0018
-0.0479 0.0288
-0.0260 0.0450
0.0007 0.0410
0.0275 0.0441
0.0489 0.0271
1.0000
1.0525 -0.0216 0.9882 -0.1519
2.1046 -0.1752 0.1889

0.0520 -0.0000
0.0351 -0.0211
0.0244 -0.0459
-0.0010 -0.0559
-0.0260 -0.0450
-0.0358 -0.0199
-0.0519 0.0018
-0.0479 0.0288
-0.0260 0.0450
0.0007 0.0410
0.0275 0.0441
0.0489 0.0271
1.0000
0.5473 -0.2179 -0.9637 -0.1543
2.0972 -0.2370 0.1947

0.0520 -0.0000
0.0351 -0.0211
0.0244 -0.0459
-0.0010 -0.0559
-0.0260 -0.0450
-0.0358 -0.0199
-0.0519 0.0018
-0.0479 0.0288
-0.0260 0.0450
0.0007 0.0410
0.0275 0.0441
0.0489 0.0271
1.0000
2.1013 -0.0755 -0.9970 0.0164
2.0907 -0.2989 0.2003

0.0520 -0.0000
0.0351 -0.0211
0.0244 -0.0459
-0.0010 -0.0559
-0.0260 -0.0450
-0.0358 -0.0199
-0.0519 0.0018
-0.0479 0.0288
-0.0260 0.0450
0.0007 0.0410
0.0275 0.0441
0.0489 0.0271
1.0000
2.6152 0.0315 0.9979 -0.0560
2.0849 -0.3608 0.2059

0.0520 -0.0000
0.0351 -0.0211
0.0244 -0.0459
-0.0010 -0.0559
-0.0260 -0.0450
-0.0358 -0.0199
-0.0519 0.0018
-0.0479 0.0288
-0.0260 0.0450
0.0007 0.0410
0.0275 0.0441
0.0489 0.0271
1.0000
1.0489 -0.0502 0.9955 -0.0801
2.0802 -0.4229 0.2113

0.0520 0.0000
0.0351 -0.0211
0.0244 -0.0459
-0.0010 -0.0559
-0.0260 -0.0450
-0.0358 -0.0199
-0.0519 0.0018
-0.0479 0.0288
-0.0260 0.0450
0.0007 0.0410
0.0275 0.0441
0.0489 0.0271
1.0000
0.5313 -0.1480 -0.9885 -0.0299
2.0785 -0.4852 0.2162

0.0520 -0.0000
0.0351 -0.0211
0.0244 -0.0459
-0.0010 -0.0559
-0.0260 -0.0450
-0.0358 -0.0199
-0.0519 0.0018
-0.0479 0.0288
-0.0260 0.0450
0.0007 0.0410
0.0275 0.0441
0.0489 0.0271
1.0000
2.0985 -0.0560 -0.9982 0.0199
2.0744 -0.5474 0.2205

0.0520 0.0000
0.0351 -0.0211
0.0244 -0.0459
-0.0010 -0.0559
-0.0260 -0.0450
-0.0358 -0.0199
-0.0519 0.0018
-0.0479 0.0288
-0.0260 0.0450
0.0007 0.0410
0.0275 0.0441
0.0489 0.0271
1.0000
2.6172 0.0117 0.9985 -0.0530
2.0717 -0.6096 0.2262

0.0520 0.0000
0.0351 -0.0211
0.0244 -0.0459
-0.0010 -0.0559
-0.0260 -0.0450
-0.0358 -0.0199
-0.0519 0.0018
-0.0479 0.0288
-0.0260 0.0450
0.0007 0.0410
0.0275 0.0441
0.0489 0.0271
1.0000
1.0562 0.0795 0.9773 -0.1963
2.0645 -0.6714 0.2305

0.0520 -0.0000
0.0351 -0.0211
0.0244 -0.0459
-0.0010 -0.0559
-0.0260 -0.0450
-0.0358 -0.0199
-0.0519 0.0018
-0.0479 0.0288
-0.0260 0.0450
0.0007 0.0410
0.0275 0.0441
0.0489 0.0271
1.0000
0.7706 0.0565 -0.7193 -0.6924
2.0444 -0.7303 0.2284

0.0520 -0.0000
0.0351 -0.0211
0.0244 -0.0459
-0.0010 -0.0559
-0.0260 -0.0450
-0.0358 -0.0199
-0.0519 0.0018
-0.0479 0.0288
-0.0260 0.0450
0.0007 0.0410
0.0275 0.0441
0.0489 0.0271
1.0000
2.2554 -0.2506 -0.8878 -0.3861
2.0071 -0.7753 0.2071

0.0520 0.0000
0.0351 -0.0211
0.0244 -0.0459
-0.0010 -0.0559
-0.0260 -0.0450
-0.0358 -0.0199
-0.0519 0.0018
-0.0479 0.0288
-0.0260 0.0450
0.0007 0.0410
0.0275 0.0441
0.0489 0.0271
1.0000
2.9002 0.1048 0.9444 -0.3117
1.9714 -0.8220 0.2057

0.0520 -0.0000
0.0351 -0.0211
0.0244 -0.0459
-0.0010 -0.0559
-0.0260 -0.0450
-0.0358 -0.0199
-0.0519 0.0018
-0.0479 0.0288
-0.0260 0.0450
0.0007 0.0410
0.0275 0.0441
0.0489 0.0271
1.0000
1.9198 -0.5803 0.6632 -0.4726
1.9675 -0.8547 0.2570

0.0520 -0.0000
0.0351 -0.0211
0.0244 -0.0459
-0.0010 -0.0559
-0.0260 -0.0450
-0.0358 -0.0199
-0.0519 0.0018
-0.0479 0.0288
-0.0260 0.0450
0.0007 0.0410
0.0275 0.0441
0.0489 0.0271
1.0000
1.6810 -0.9654 0.0944 0.2432
1.9803 -0.8576 0.3176

0.0520 0.0000
0.0351 -0.0211
0.0244 -0.0459
-0.0010 -0.0559
-0.0260 -0.0450
-0.0358 -0.0199
-0.0519 0.0018
-0.0479 0.0288
-0.0260 0.0450
0.0007 0.0410
0.0275 0.0441
0.0489 0.0271
1.0000
1.9199 -0.3340 -0.3168 0.8877
2.0118 -0.8466 0.3698

0.0520 0.0000
0.0351 -0.0211
0.0244 -0.0459
-0.0010 -0.0559
-0.0260 -0.0450
-0.0358 -0.0199
-0.0519 0.0018
-0.0479 0.0288
-0.0260 0.0450
0.0007 0.0410
0.0275 0.0441
0.0489 0.0271
1.0000
2.2344 0.5274 -0.5511 0.6467
2.0660 -0.8363 0.3961

0.0520 -0.0000
0.0351 -0.0211
0.0244 -0.0459
-0.0010 -0.0559
-0.0260 -0.0450
-0.0358 -0.0199
-0.0519 0.0018
-0.0479 0.0288
-0.0260 0.0450
0.0007 0.0410
0.0275 0.0441
0.0489 0.0271
1.0000
2.9767 0.7589 -0.6504 -0.0324
2.1277 -0.8283 0.3959

0.0520 0.0000
0.0351 -0.0211
0.0244 -0.0459
-0.0010 -0.0559
-0.0260 -0.0450
-0.0358 -0.0199
-0.0519 0.0018
-0.0479 0.0288
-0.0260 0.0450
0.0007 0.0410
0.0275 0.0441
0.0489 0.0271
1.0000
2.5314 -0.4623 0.5990 0.6538
2.1860 -0.8184 0.3765

0.0520 0.0000
0.0351 -0.0211
0.0244 -0.0459
-0.0010 -0.0559
-0.0260 -0.0450
-0.0358 -0.0199
-0.0519 0.0018
-0.0479 0.0288
-0.0260 0.0450
0.0007 0.0410
0.0275 0.0441
0.0489 0.0271
1.0000
1.9082 0.2591 0.3481 0.9009
2.2363 -0.8078 0.3411

0.0520 -0.0000
0.0351 -0.0211
0.0244 -0.0459
-0.0010 -0.0559
-0.0260 -0.0450
-0.0358 -0.0199
-0.0519 0.0018
-0.0479 0.0288
-0.0260 0.0450
0.0007 0.0410
0.0275 0.0441
0.0489 0.0271
1.0000
1.7609 0.9081 -0.1567 0.3883
2.2762 -0.7975 0.2945

0.0520 -0.0000
0.0351 -0.0211
0.0244 -0.0459
-0.0010 -0.0559
-0.0260 -0.0450
-0.0358 -0.0199
-0.0519 0.0018
-0.0479 0.0288
-0.0260 0.0450
0.0007 0.0410
0.0275 0.0441
0.0489 0.0271
1.0000
2.2295 0.7442 -0.5422 -0.3902
2.3042 -0.7881 0.2397

0.0520 0.0000
0.0351 -0.0211
0.0244 -0.0459
-0.0010 -0.0559
-0.0260 -0.0450
-0.0358 -0.0199
-0.0519 0.0018
-0.0479 0.0288
-0.0260 0.0450
0.0007 0.0410
0.0275 0.0441
0.0489 0.0271
1.0000
3.0200 0.1421 -0.6684 -0.7301
2.3184 -0.7805 0.1795

0.0520 -0.0000
0.0351 -0.0211
0.0244 -0.0459
-0.0010 -0.0559
-0.0260 -0.0450
-0.0358 -0.0199
-0.0519 0.0018
-0.0479 0.0288
-0.0260 0.0450
0.0007 0.0410
0.0275 0.0441
0.0489 0.0271
1.0000
2.6602 0.5657 0.7254 0.3922
2.3091 -0.7785 0.1197

0.0520 -0.0000
0.0351 -0.0211
0.0244 -0.0459
-0.0010 -0.0559
-0.0260 -0.0450
-0.0358 -0.0199
-0.0519 0.0018
-0.0479 0.0288
-0.0260 0.0450
0.0007 0.0410
0.0275 0.0441
0.0489 0.0271
1.0000
2.0026 0.7467 0.5403 -0.3880
2.2578 -0.7845 0.0859

0.0520 0.0000
0.0351 -0.0211
0.0244 -0.0459
-0.0010 -0.0559
-0.0260 -0.0450
-0.0358 -0.0199
-0.0519 0.0018
-0.0479 0.0288
-0.0260 0.0450
0.0007 0.0410
0.0275 0.0441
0.0489 0.0271
1.0000
1.8553 0.2080 0.0422 -0.9772
2.1992 -0.7745 0.0678

0.0520 0.0000
0.0351 -0.0211
0.0244 -0.0459
-0.0010 -0.0559
-0.0260 -0.0450
-0.0358 -0.0199
-0.0519 0.0018
-0.0479 0.0288
-0.0260 0.0450
0.0007 0.0410
0.0275 0.0441
0.0489 0.0271
1.0000
2.0615 -0.6154 -0.3089 -0.7252
2.1407 -0.7538 0.0705

0.0520 -0.0000
0.0351 -0.0211
0.0244 -0.0459
-0.0010 -0.0559
-0.0260 -0.0450
-0.0358 -0.0199
-0.0519 0.0018
-0.0479 0.0288
-0.0260 0.0450
0.0007 0.0410
0.0275 0.0441
0.0489 0.0271
1.0000
2.6558 -0.8194 -0.5728 -0.0227
2.0839 -0.7365 0.0898

0.0520 -0.0000
0.0351 -0.0211
0.0244 -0.0459
-0.0010 -0.0559
-0.0260 -0.0450
-0.0358 -0.0199
-0.0519 0.0018
-0.0479 0.0288
-0.0260 0.0450
0.0007 0.0410
0.0275 0.0441
0.0489 0.0271
1.0000
2.7785 0.5800 0.5651 -0.5867
2.0295 -0.7174 0.1139

0.0520 -0.0000
0.0351 -0.0211
0.0244 -0.0459
-0.0010 -0.0559
-0.0260 -0.0450
-0.0358 -0.0199
-0.0519 0.0018
-0.0479 0.0288
-0.0260 0.0450
0.0007 0.0410
0.0275 0.0441
0.0489 0.0271
1.0000
2.0432 -0.1000 0.4635 -0.8804
1.9799 -0.7011 0.1476

0.0520 0.0000
0.0351 -0.0211
0.0244 -0.0459
-0.0010 -0.0559
-0.0260 -0.0450
-0.0358 -0.0199
-0.0519 0.0018
-0.0479 0.0288
-0.0260 0.0450
0.0007 0.0410
0.0275 0.0441
0.0489 0.0271
1.0000
1.1880 -0.9277 0.1669 -0.3341
1.9487 -0.7083 0.1990

0.0520 -0.0000
0.0351 -0.0211
0.0244 -0.0459
-0.0010 -0.0559
-0.0260 -0.0450
-0.0358 -0.0199
-0.0519 0.0018
-0.0479 0.0288
-0.0260 0.0450
0.0007 0.0410
0.0275 0.0441
0.0489 0.0271
1.0000
1.3523 -0.3975 -0.6624 0.6350
1.9543 -0.7400 0.2510

0.0520 -0.0000
0.0351 -0.0211
0.0244 -0.0459
-0.0010 -0.0559
-0.0260 -0.0450
-0.0358 -0.0199
-0.0519 0.0018
-0.0479 0.0288
-0.0260 0.0450
0.0007 0.0410
0.0275 0.0441
0.0489 0.0271
1.0000
2.3825 0.3332 -0.8597 0.3872
1.9940 -0.7745 0.2834

0.0520 0.0000
0.0351 -0.0211
0.0244 -0.0459
-0.0010 -0.0559
-0.0260 -0.0450
-0.0358 -0.0199
-0.0519 0.0018
-0.0479 0.0288
-0.0260 0.0450
0.0007 0.0410
0.0275 0.0441
0.0489 0.0271
1.0000
2.6016 -0.4584 0.8875 0.0463
2.0433 -0.8100 0.2979

0.0520 0.0000
0.0351 -0.0211
0.0244 -0.0459
-0.0010 -0.0559
-0.0260 -0.0450
-0.0358 -0.0199
-0.0519 0.0018
-0.0479 0.0288
-0.0260 0.0450
0.0007 0.0410
0.0275 0.0441
0.0489 0.0271
1.0000
1.2040 -0.3653 0.7851 0.5001
2.0891 -0.8517 0.3050

0.0520 -0.0000
0.0351 -0.0211
0.0244 -0.0459
-0.0010 -0.0559
-0.0260 -0.0450
-0.0358 -0.0199
-0.0519 0.0018
-0.0479 0.0288
-0.0260 0.0450
0.0007 0.0410
0.0275 0.0441
0.0489 0.0271
1.0000
0.6996 0.0875 -0.8242 0.5595
2.1213 -0.9045 0.3101

0.0520 0.0000
0.0351 -0.0211
0.0244 -0.0459
-0.0010 -0.0559
-0.0260 -0.0450
-0.0358 -0.0199
-0.0519 0.0018
-0.0479 0.0288
-0.0260 0.0450
0.0007 0.0410
0.0275 0.0441
0.0489 0.0271
1.0000
2.1283 0.1517 -0.9880 -0.0282
2.1391 -0.9641 0.3069

0.0520 -0.0000
0.0351 -0.0211
0.0244 -0.0459
-0.0010 -0.0559
-0.0260 -0.0450
-0.0358 -0.0199
-0.0519 0.0018
-0.0479 0.0288
-0.0260 0.0450
0.0007 0.0410
0.0275 0.0441
0.0489 0.0271
1.0000
2.6357 0.0316 0.9858 0.1649
2.1461 -1.0238 0.2905

0.0520 -0.0000
0.0351 -0.0211
0.0244 -0.0459
-0.0010 -0.0559
-0.0260 -0.0450
-0.0358 -0.0199
-0.0519 0.0018
-0.0479 0.0288
-0.0260 0.0450
0.0007 0.0410
0.0275 0.0441
0.0489 0.0271
1.0000
1.1290 0.3034 0.9521 0.0382
2.1424 -1.0827 0.2701

0.0520 -0.0000
0.0351 -0.0211
0.0244 -0.0459
-0.0010 -0.0559
-0.0260 -0.0450
-0.0358 -0.0199
-0.0519 0.0018
-0.0479 0.0288
-0.0260 0.0450
0.0007 0.0410
0.0275 0.0441
0.0489 0.0271
1.0000
0.5261 0.1426 -0.8676 -0.4764
2.1309 -1.1425 0.2563

0.0520 0.0000
0.0351 -0.0211
0.0244 -0.0459
-0.0010 -0.0559
-0.0260 -0.0450
-0.0358 -0.0199
-0.0519 0.0018
-0.0479 0.0288
-0.0260 0.0450
0.0007 0.0410
0.0275 0.0441
0.0489 0.0271
1.0000
2.0159 -0.1944 -0.9800 -0.0434
2.1149 -1.2027 0.2553

0.0520 0.0000
0.0351 -0.0211
0.0244 -0.0459
-0.0010 -0.0559
-0.0260 -0.0450
-0.0358 -0.0199
-0.0519 0.0018
-0.0479 0.0288
-0.0260 0.0450
0.0007 0.0410
0.0275 0.0441
0.0489 0.0271
1.0000
2.7586 0.1909 0.9574 -0.2169
2.0913 -1.2583 0.2703

0.0520 0.0000
0.0351 -0.0211
0.0244 -0.0459
-0.0010 -0.0559
-0.0260 -0.0450
-0.0358 -0.0199
-0.0519 0.0018
-0.0479 0.0288
-0.0260 0.0450
0.0007 0.0410
0.0275 0.0441
0.0489 0.0271
1.0000
1.3371 -0.0287 0.8360 -0.5479
2.0614 -1.3079 0.2937

0.0520 0.0000
0.0351 -0.0211
0.0244 -0.0459
-0.0010 -0.0559
-0.0260 -0.0450
-0.0358 -0.0199
-0.0519 0.0018
-0.0479 0.0288
-0.0260 0.0450
0.0007 0.0410
0.0275 0.0441
0.0489 0.0271
1.0000
0.7911 -0.4880 -0.5562 -0.6727
2.0276 -1.3561 0.3144

0.0520 0.0000
0.0351 -0.0211
0.0244 -0.0459
-0.0010 -0.0559
-0.0260 -0.0450
-0.0358 -0.0199
-0.0519 0.0018
-0.0479 0.0288
-0.0260 0.0450
0.0007 0.0410
0.0275 0.0441
0.0489 0.0271
1.0000
2.1696 -0.2368 -0.9510 -0.1986
1.9933 -1.4077 0.3194

0.0520 -0.0000
0.0351 -0.0211
0.0244 -0.0459
-0.0010 -0.0559
-0.0260 -0.0450
-0.0358 -0.0199
-0.0519 0.0018
-0.0479 0.0288
-0.0260 0.0450
0.0007 0.0410
0.0275 0.0441
0.0489 0.0271
1.0000
2.5435 0.3017 0.9475 0.1059
1.9637 -1.4602 0.3038

0.0520 0.0000
0.0351 -0.0211
0.0244 -0.0459
-0.0010 -0.0559
-0.0260 -0.0450
-0.0358 -0.0199
-0.0519 0.0018
-0.0479 0.0288
-0.0260 0.0450
0.0007 0.0410
0.0275 0.0441
0.0489 0.0271
1.0000
1.1481 0.6214 0.7562 -0.2052
1.9343 -1.5089 0.2780

0.0520 0.0000
0.0351 -0.0211
0.0244 -0.0459
-0.0010 -0.0559
-0.0260 -0.0450
-0.0358 -0.0199
-0.0519 0.0018
-0.0479 0.0288
-0.0260 0.0450
0.0007 0.0410
0.0275 0.0441
0.0489 0.0271
1.0000
1.1113 0.4842 -0.6149 -0.6224
1.9069 -1.5531 0.2436

0.0520 0.0000
0.0351 -0.0211
0.0244 -0.0459
-0.0010 -0.0559
-0.0260 -0.0450
-0.0358 -0.0199
-0.0519 0.0018
-0.0479 0.0288
-0.0260 0.0450
0.0007 0.0410
0.0275 0.0441
0.0489 0.0271
1.0000
2.6001 0.1097 -0.8223 -0.5583
1.8890 -1.5876 0.1955

0.0520 0.0000
0.0351 -0.0211
0.0244 -0.0459
-0.0010 -0.0559
-0.0260 -0.0450
-0.0358 -0.0199
-0.0519 0.0018
-0.0479 0.0288
-0.0260 0.0450
0.0007 0.0410
0.0275 0.0441
0.0489 0.0271
1.0000
2.2927 0.2407 0.5560 0.7956
1.8975 -1.5960 0.1360

0.0520 -0.0000
0.0351 -0.0211
0.0244 -0.0459
-0.0010 -0.0559
-0.0260 -0.0450
-0.0358 -0.0199
-0.0519 0.0018
-0.0479 0.0288
-0.0260 0.0450
0.0007 0.0410
0.0275 0.0441
0.0489 0.0271
1.0000
2.1644 0.8306 -0.0539 0.5543
1.9269 -1.5742 0.0866

0.0520 0.0000
0.0351 -0.0211
0.0244 -0.0459
-0.0010 -0.0559
-0.0260 -0.0450
-0.0358 -0.0199
-0.0519 0.0018
-0.0479 0.0288
-0.0260 0.0450
0.0007 0.0410
0.0275 0.0441
0.0489 0.0271
1.0000
3.0431 0.9529 -0.2805 -0.1153
1.9602 -1.5293 0.0612

0.0520 -0.0000
0.0351 -0.0211
0.0244 -0.0459
-0.0010 -0.0559
-0.0260 -0.0450
-0.0358 -0.0199
-0.0519 0.0018
-0.0479 0.0288
-0.0260 0.0450
0.0007 0.0410
0.0275 0.0441
0.0489 0.0271
1.0000
2.6692 -0.6432 0.1122 0.7575
1.9909 -1.4752 0.0632

0.0520 -0.0000
0.0351 -0.0211
0.0244 -0.0459
-0.0010 -0.0559
-0.0260 -0.0450
-0.0358 -0.0199
-0.0519 0.0018
-0.0479 0.0288
-0.0260 0.0450
0.0007 0.0410
0.0275 0.0441
0.0489 0.0271
1.0000
2.6581 0.0631 -0.1596 0.9852
2.0203 -1.4217 0.0764

0.0520 0.0000
0.0351 -0.0211
0.0244 -0.0459
-0.0010 -0.0559
-0.0260 -0.0450
-0.0358 -0.0199
-0.0519 0.0018
-0.0479 0.0288
-0.0260 0.0450
0.0007 0.0410
0.0275 0.0441
0.0489 0.0271
1.0000
3.0270 0.7112 -0.3137 0.6291
2.0511 -1.3707 0.0953

0.0520 -0.0000
0.0351 -0.0211
0.0244 -0.0459
-0.0010 -0.0559
-0.0260 -0.0450
-0.0358 -0.0199
-0.0519 0.0018
-0.0479 0.0288
-0.0260 0.0450
0.0007 0.0410
0.0275 0.0441
0.0489 0.0271
1.0000
2.7681 -0.9485 0.3101 0.0653
2.0853 -1.3224 0.1152

0.0520 0.0000
0.0351 -0.0211
0.0244 -0.0459
-0.0010 -0.0559
-0.0260 -0.0450
-0.0358 -0.0199
-0.0519 0.0018
-0.0479 0.0288
-0.0260 0.0450
0.0007 0.0410
0.0275 0.0441
0.0489 0.0271
1.0000
2.3553 -0.6338 0.1541 0.7580
2.1250 -1.2779 0.1334

0.0520 0.0000
0.0351 -0.0211
0.0244 -0.0459
-0.0010 -0.0559
-0.0260 -0.0450
-0.0358 -0.0199
-0.0519 0.0018
-0.0479 0.0288
-0.0260 0.0450
0.0007 0.0410
0.0275 0.0441
0.0489 0.0271
1.0000
2.1704 0.1262 -0.1478 0.9809
2.1726 -1.2397 0.1459

0.0520 -0.0000
0.0351 -0.0211
0.0244 -0.0459
-0.0010 -0.0559
-0.0260 -0.0450
-0.0358 -0.0199
-0.0519 0.0018
-0.0479 0.0288
-0.0260 0.0450
0.0007 0.0410
0.0275 0.0441
0.0489 0.0271
1.0000
2.4788 0.7125 -0.4848 0.5072
2.2287 -1.2124 0.1485

0.0520 -0.0000
0.0351 -0.0211
0.0244 -0.0459
-0.0010 -0.0559
-0.0260 -0.0450
-0.0358 -0.0199
-0.0519 0.0018
-0.0479 0.0288
-0.0260 0.0450
0.0007 0.0410
0.0275 0.0441
0.0489 0.0271
1.0000
2.9571 -0.7764 0.6149 0.1383
2.2882 -1.1938 0.1473

0.0520 -0.0000
0.0351 -0.0211
0.0244 -0.0459
-0.0010 -0.0559
-0.0260 -0.0450
-0.0358 -0.0199
-0.0519 0.0018
-0.0479 0.0288
-0.0260 0.0450
0.0007 0.0410
0.0275 0.0441
0.0489 0.0271
1.0000
1.9878 -0.4937 0.4901 0.7184
2.3498 -1.1840 0.1451

0.0520 0.0000
0.0351 -0.0211
0.0244 -0.0459
-0.0010 -0.0559
-0.0260 -0.0450
-0.0358 -0.0199
-0.0519 0.0018
-0.0479 0.0288
-0.0260 0.0450
0.0007 0.0410
0.0275 0.0441
0.0489 0.0271
1.0000
1.4503 0.1918 -0.1463 0.9705
2.4120 -1.1860 0.1418

0.0520 0.0000
0.0351 -0.0211
0.0244 -0.0459
-0.0010 -0.0559
-0.0260 -0.0450
-0.0358 -0.0199
-0.0519 0.0018
-0.0479 0.0288
-0.0260 0.0450
0.0007 0.0410
0.0275 0.0441
0.0489 0.0271
1.0000
2.0727 0.5548 -0.7513 0.3574
2.4723 -1.2013 0.1370

0.0520 0.0000
0.0351 -0.0211
0.0244 -0.0459
-0.0010 -0.0559
-0.0260 -0.0450
-0.0358 -0.0199
-0.0519 0.0018
-0.0479 0.0288
-0.0260 0.0450
0.0007 0.0410
0.0275 0.0441
0.0489 0.0271
1.0000
2.9506 -0.4695 0.8756 0.1137
2.5276 -1.2295 0.1308

0.0520 0.0000
0.0351 -0.0211
0.0244 -0.0459
-0.0010 -0.0559
-0.0260 -0.0450
-0.0358 -0.0199
-0.0519 0.0018
-0.0479 0.0288
-0.0260 0.0450
0.0007 0.0410
0.0275 0.0441
0.0489 0.0271
1.0000
1.5601 -0.2743 0.8266 0.4914
2.5764 -1.2677 0.1235

0.0520 0.0000
0.0351 -0.0211
0.0244 -0.0459
-0.0010 -0.0559
-0.0260 -0.0450
-0.0358 -0.0199
-0.0519 0.0018
-0.0479 0.0288
-0.0260 0.0450
0.0007 0.0410
0.0275 0.0441
0.0489 0.0271
1.0000
0.5963 0.3366 -0.2911 0.8955
2.6155 -1.3155 0.1149

0.0520 -0.0000
0.0351 -0.0211
0.0244 -0.0459
-0.0010 -0.0559
-0.0260 -0.0450
-0.0358 -0.0199
-0.0519 0.0018
-0.0479 0.0288
-0.0260 0.0450
0.0007 0.0410
0.0275 0.0441
0.0489 0.0271
1.0000
1.7459 0.1794 -0.9832 0.0337
2.6396 -1.3721 0.1059

0.0520 0.0000
0.0351 -0.0211
0.0244 -0.0459
-0.0010 -0.0559
-0.0260 -0.0450
-0.0358 -0.0199
-0.0519 0.0018
-0.0479 0.0288
-0.0260 0.0450
0.0007 0.0410
0.0275 0.0441
0.0489 0.0271
1.0000
3.0020 0.0414 0.9979 0.0496
2.6446 -1.4336 0.0983

0.0520 0.0000
0.0351 -0.0211
0.0244 -0.0459
-0.0010 -0.0559
-0.0260 -0.0450
-0.0358 -0.0199
-0.0519 0.0018
-0.0479 0.0288
-0.0260 0.0450
0.0007 0.0410
0.0275 0.0441
0.0489 0.0271
1.0000
1.4840 0.2100 0.9634 -0.1668
2.6311 -1.4942 0.0931

0.0520 0.0000
0.0351 -0.0211
0.0244 -0.0459
-0.0010 -0.0559
-0.0260 -0.0450
-0.0358 -0.0199
-0.0519 0.0018
-0.0479 0.0288
-0.0260 0.0450
0.0007 0.0410
0.0275 0.0441
0.0489 0.0271
1.0000
0.7022 -0.0006 -0.1481 -0.9890
2.6004 -1.5481 0.0900

0.0520 -0.0000
0.0351 -0.0211
0.0244 -0.0459
-0.0010 -0.0559
-0.0260 -0.0450
-0.0358 -0.0199
-0.0519 0.0018
-0.0479 0.0288
-0.0260 0.0450
0.0007 0.0410
0.0275 0.0441
0.0489 0.0271
1.0000
1.8814 -0.4635 -0.7890 -0.4032
2.5528 -1.5881 0.0896

0.0520 -0.0000
0.0351 -0.0211
0.0244 -0.0459
-0.0010 -0.0559
-0.0260 -0.0450
-0.0358 -0.0199
-0.0519 0.0018
-0.0479 0.0288
-0.0260 0.0450
0.0007 0.0410
0.0275 0.0441
0.0489 0.0271
1.0000
3.1165 0.6001 0.7965 -0.0737
2.4953 -1.6118 0.0936

0.0520 0.0000
0.0351 -0.0211
0.0244 -0.0459
-0.0010 -0.0559
-0.0260 -0.0450
-0.0358 -0.0199
-0.0519 0.0018
-0.0479 0.0288
-0.0260 0.0450
0.0007 0.0410
0.0275 0.0441
0.0489 0.0271
1.0000
2.0623 0.4585 0.6155 -0.6410
2.4346 -1.6230 0.1023

0.0520 0.0000
0.0351 -0.0211
0.0244 -0.0459
-0.0010 -0.0559
-0.0260 -0.0450
-0.0358 -0.0199
-0.0519 0.0018
-0.0479 0.0288
-0.0260 0.0450
0.0007 0.0410
0.0275 0.0441
0.0489 0.0271
1.0000
1.6333 -0.1793 0.0272 -0.9834
2.3734 -1.6239 0.1144

0.0520 -0.0000
0.0351 -0.0211
0.0244 -0.0459
-0.0010 -0.0559
-0.0260 -0.0450
-0.0358 -0.0199
-0.0519 0.0018
-0.0479 0.0288
-0.0260 0.0450
0.0007 0.0410
0.0275 0.0441
0.0489 0.0271
1.0000
2.1902 -0.7348 -0.4667 -0.4921
2.3132 -1.6149 0.1282

0.0520 -0.0000
0.0351 -0.0211
0.0244 -0.0459
-0.0010 -0.0559
-0.0260 -0.0450
-0.0358 -0.0199
-0.0519 0.0018
-0.0479 0.0288
-0.0260 0.0450
0.0007 0.0410
0.0275 0.0441
0.0489 0.0271
1.0000
3.0587 -0.8146 -0.5538 0.1724
2.2562 -1.5948 0.1437

0.0520 0.0000
0.0351 -0.0211
0.0244 -0.0459
-0.0010 -0.0559
-0.0260 -0.0450
-0.0358 -0.0199
-0.0519 0.0018
-0.0479 0.0288
-0.0260 0.0450
0.0007 0.0410
0.0275 0.0441
0.0489 0.0271
1.0000
2.4873 0.4881 0.4159 -0.7673
2.2025 -1.5675 0.1604

0.0520 0.0000
0.0351 -0.0211
0.0244 -0.0459
-0.0010 -0.0559
-0.0260 -0.0450
-0.0358 -0.0199
-0.0519 0.0018
-0.0479 0.0288
-0.0260 0.0450
0.0007 0.0410
0.0275 0.0441
0.0489 0.0271
1.0000
2.1312 -0.2232 0.0675 -0.9724
2.1519 -1.5354 0.1781

0.0520 0.0000
0.0351 -0.0211
0.0244 -0.0459
-0.0010 -0.0559
-0.0260 -0.0450
-0.0358 -0.0199
-0.0519 0.0018
-0.0479 0.0288
-0.0260 0.0450
0.0007 0.0410
0.0275 0.0441
0.0489 0.0271
1.0000
2.3471 -0.8050 -0.3195 -0.5000
2.1023 -1.5022 0.1965

0.0520 0.0000
0.0351 -0.0211
0.0244 -0.0459
-0.0010 -0.0559
-0.0260 -0.0450
-0.0358 -0.0199
-0.0519 0.0018
-0.0479 0.0288
-0.0260 0.0450
0.0007 0.0410
0.0275 0.0441
0.0489 0.0271
1.0000
3.0021 -0.8433 -0.4996 0.1983
2.0523 -1.4701 0.2159

0.0520 0.0000
0.0351 -0.0211
0.0244 -0.0459
-0.0010 -0.0559
-0.0260 -0.0450
-0.0358 -0.0199
-0.0519 0.0018
-0.0479 0.0288
-0.0260 0.0450
0.0007 0.0410
0.0275 0.0441
0.0489 0.0271
1.0000
2.5119 0.4669 0.4457 -0.7638
2.0009 -1.4407 0.2358

0.0520 -0.0000
0.0351 -0.0211
0.0244 -0.0459
-0.0010 -0.0559
-0.0260 -0.0450
-0.0358 -0.0199
-0.0519 0.0018
-0.0479 0.0288
-0.0260 0.0450
0.0007 0.0410
0.0275 0.0441
0.0489 0.0271
1.0000
2.0678 -0.2813 0.1767 -0.9432
1.9506 -1.4136 0.2609

0.0520 -0.0000
0.0351 -0.0211
0.0244 -0.0459
-0.0010 -0.0559
-0.0260 -0.0450
-0.0358 -0.0199
-0.0519 0.0018
-0.0479 0.0288
-0.0260 0.0450
0.0007 0.0410
0.0275 0.0441
0.0489 0.0271
1.0000
2.1447 -0.8639 -0.2493 -0.4377
1.9059 -1.3864 0.2950

0.0520 -0.0000
0.0351 -0.0211
0.0244 -0.0459
-0.0010 -0.0559
-0.0260 -0.0450
-0.0358 -0.0199
-0.0519 0.0018
-0.0479 0.0288
-0.0260 0.0450
0.0007 0.0410
0.0275 0.0441
0.0489 0.0271
1.0000
2.9543 -0.8413 -0.4931 0.2216
1.8604 -1.3570 0.3259

0.0520 0.0000
0.0351 -0.0211
0.0244 -0.0459
-0.0010 -0.0559
-0.0260 -0.0450
-0.0358 -0.0199
-0.0519 0.0018
-0.0479 0.0288
-0.0260 0.0450
0.0007 0.0410
0.0275 0.0441
0.0489 0.0271
1.0000
2.2744 0.5842 0.2970 -0.7553
1.8083 -1.3251 0.3357

0.0520 0.0000
0.0351 -0.0211
0.0244 -0.0459
-0.0010 -0.0559
-0.0260 -0.0450
-0.0358 -0.0199
-0.0519 0.0018
-0.0479 0.0288
-0.0260 0.0450
0.0007 0.0410
0.0275 0.0441
0.0489 0.0271
1.0000
2.2135 -0.0401 -0.2528 -0.9667
1.7562 -1.2943 0.3208

0.0520 0.0000
0.0351 -0.0211
0.0244 -0.0459
-0.0010 -0.0559
-0.0260 -0.0450
-0.0358 -0.0199
-0.0519 0.0018
-0.0479 0.0288
-0.0260 0.0450
0.0007 0.0410
0.0275 0.0441
0.0489 0.0271
1.0000
3.0308 -0.5806 -0.5264 -0.6211
1.7102 -1.2643 0.2914

0.0520 0.0000
0.0351 -0.0211
0.0244 -0.0459
-0.0010 -0.0559
-0.0260 -0.0450
-0.0358 -0.0199
-0.0519 0.0018
-0.0479 0.0288
-0.0260 0.0450
0.0007 0.0410
0.0275 0.0441
0.0489 0.0271
1.0000
2.1144 0.8890 0.4391 0.1294
1.6732 -1.2421 0.2467

0.0520 0.0000
0.0351 -0.0211
0.0244 -0.0459
-0.0010 -0.0559
-0.0260 -0.0450
-0.0358 -0.0199
-0.0519 0.0018
-0.0479 0.0288
-0.0260 0.0450
0.0007 0.0410
0.0275 0.0441
0.0489 0.0271
1.0000
1.4959 0.8394 -0.3540 -0.4124
1.6534 -1.2406 0.1883

0.0520 -0.0000
0.0351 -0.0211
0.0244 -0.0459
-0.0010 -0.0559
-0.0260 -0.0450
-0.0358 -0.0199
-0.0519 0.0018
-0.0479 0.0288
-0.0260 0.0450
0.0007 0.0410
0.0275 0.0441
0.0489 0.0271
1.0000
2.5880 0.3119 -0.8698 -0.3822
1.6577 -1.2643 0.1318

0.0520 0.0000
0.0351 -0.0211
0.0244 -0.0459
-0.0010 -0.0559
-0.0260 -0.0450
-0.0358 -0.0199
-0.0519 0.0018
-0.0479 0.0288
-0.0260 0.0450
0.0007 0.0410
0.0275 0.0441
0.0489 0.0271
1.0000
2.0666 -0.1975 0.8904 0.4100
1.6884 -1.3046 0.0968

0.0520 -0.0000
0.0351 -0.0211
0.0244 -0.0459
-0.0010 -0.0559
-0.0260 -0.0450
-0.0358 -0.0199
-0.0519 0.0018
-0.0479 0.0288
-0.0260 0.0450
0.0007 0.0410
0.0275 0.0441
0.0489 0.0271
1.0000
0.8479 0.0596 0.3283 0.9427
1.7304 -1.3483 0.0819

0.0520 0.0000
0.0351 -0.0211
0.0244 -0.0459
-0.0010 -0.0559
-0.0260 -0.0450
-0.0358 -0.0199
-0.0519 0.0018
-0.0479 0.0288
-0.0260 0.0450
0.0007 0.0410
0.0275 0.0441
0.0489 0.0271
1.0000
1.5142 0.3887 -0.8174 0.4251
1.7747 -1.3918 0.0753

0.0520 -0.0000
0.0351 -0.0211
0.0244 -0.0459
-0.0010 -0.0559
-0.0260 -0.0450
-0.0358 -0.0199
-0.0519 0.0018
-0.0479 0.0288
-0.0260 0.0450
0.0007 0.0410
0.0275 0.0441
0.0489 0.0271
1.0000
2.9966 0.4375 -0.8917 0.1161
1.8220 -1.4323 0.0771

0.0520 0.0000
0.0351 -0.0211
0.0244 -0.0459
-0.0010 -0.0559
-0.0260 -0.0450
-0.0358 -0.0199
-0.0519 0.0018
-0.0479 0.0288
-0.0260 0.0450
0.0007 0.0410
0.0275 0.0441
0.0489 0.0271
1.0000
1.8795 -0.5923 0.7753 0.2193
1.8724 -1.4653 0.0929

0.0520 0.0000
0.0351 -0.0211
0.0244 -0.0459
-0.0010 -0.0559
-0.0260 -0.0450
-0.0358 -0.0199
-0.0519 0.0018
-0.0479 0.0288
-0.0260 0.0450
0.0007 0.0410
0.0275 0.0441
0.0489 0.0271
1.0000
1.1021 -0.4895 -0.0007 0.8720
1.9221 -1.4935 0.1181

0.0520 -0.0000
0.0351 -0.0211
0.0244 -0.0459
-0.0010 -0.0559
-0.0260 -0.0450
-0.0358 -0.0199
-0.0519 0.0018
-0.0479 0.0288
-0.0260 0.0450
0.0007 0.0410
0.0275 0.0441
0.0489 0.0271
1.0000
1.8092 0.1605 -0.7919 0.5892
1.9693 -1.5235 0.1458

0.0520 0.0000
0.0351 -0.0211
0.0244 -0.0459
-0.0010 -0.0559
-0.0260 -0.0450
-0.0358 -0.0199
-0.0519 0.0018
-0.0479 0.0288
-0.0260 0.0450
0.0007 0.0410
0.0275 0.0441
0.0489 0.0271
1.0000
3.1110 0.3410 -0.9273 0.1546
2.0125 -1.5623 0.1686

0.0520 0.0000
0.0351 -0.0211
0.0244 -0.0459
-0.0010 -0.0559
-0.0260 -0.0450
-0.0358 -0.0199
-0.0519 0.0018
-0.0479 0.0288
-0.0260 0.0450
0.0007 0.0410
0.0275 0.0441
0.0489 0.0271
1.0000
1.7212 -0.2739 0.9407 0.2003
2.0475 -1.6127 0.1787

0.0520 -0.0000
0.0351 -0.0211
0.0244 -0.0459
-0.0010 -0.0559
-0.0260 -0.0450
-0.0358 -0.0199
-0.0519 0.0018
-0.0479 0.0288
-0.0260 0.0450
0.0007 0.0410
0.0275 0.0441
0.0489 0.0271
1.0000
0.4468 0.2166 0.2914 0.9318
2.0750 -1.6686 0.1762

0.0520 0.0000
0.0351 -0.0211
0.0244 -0.0459
-0.0010 -0.0559
-0.0260 -0.0450
-0.0358 -0.0199
-0.0519 0.0018
-0.0479 0.0288
-0.0260 0.0450
0.0007 0.0410
0.0275 0.0441
0.0489 0.0271
1.0000
1.4436 0.2821 -0.9589 0.0321
2.0963 -1.7260 0.1643

0.0520 0.0000
0.0351 -0.0211
0.0244 -0.0459
-0.0010 -0.0559
-0.0260 -0.0450
-0.0358 -0.0199
-0.0519 0.0018
-0.0479 0.0288
-0.0260 0.0450
0.0007 0.0410
0.0275 0.0441
0.0489 0.0271
1.0000
2.9369 0.0520 -0.9847 -0.1662
2.1070 -1.7845 0.1454

0.0520 0.0000
0.0351 -0.0211
0.0244 -0.0459
-0.0010 -0.0559
-0.0260 -0.0450
-0.0358 -0.0199
-0.0519 0.0018
-0.0479 0.0288
-0.0260 0.0450
0.0007 0.0410
0.0275 0.0441
0.0489 0.0271
1.0000
1.8539 0.2243 0.9693 0.1004
2.1038 -1.8428 0.1238

0.0520 0.0000
0.0351 -0.0211
0.0244 -0.0459
-0.0010 -0.0559
-0.0260 -0.0450
-0.0358 -0.0199
-0.0519 0.0018
-0.0479 0.0288
-0.0260 0.0450
0.0007 0.0410
0.0275 0.0441
0.0489 0.0271
1.0000
0.6028 0.5775 0.4920 -0.6515
2.0848 -1.8989 0.1044

0.0520 -0.0000
0.0351 -0.0211
0.0244 -0.0459
-0.0010 -0.0559
-0.0260 -0.0450
-0.0358 -0.0199
-0.0519 0.0018
-0.0479 0.0288
-0.0260 0.0450
0.0007 0.0410
0.0275 0.0441
0.0489 0.0271
1.0000
1.3936 -0.1614 -0.8364 -0.5238
2.0522 -1.9500 0.0900

0.0520 0.0000
0.0351 -0.0211
0.0244 -0.0459
-0.0010 -0.0559
-0.0260 -0.0450
-0.0358 -0.0199
-0.0519 0.0018
-0.0479 0.0288
-0.0260 0.0450
0.0007 0.0410
0.0275 0.0441
0.0489 0.0271
1.0000
2.7930 -0.4575 -0.8717 -0.1756
2.0064 -1.9907 0.0792

0.0520 -0.0000
0.0351 -0.0211
0.0244 -0.0459
-0.0010 -0.0559
-0.0260 -0.0450
-0.0358 -0.0199
-0.0519 0.0018
-0.0479 0.0288
-0.0260 0.0450
0.0007 0.0410
0.0275 0.0441
0.0489 0.0271
1.0000
2.2766 0.5965 0.7388 -0.3136
1.9497 -2.0154 0.0725

0.0520 0.0000
0.0351 -0.0211
0.0244 -0.0459
-0.0010 -0.0559
-0.0260 -0.0450
-0.0358 -0.0199
-0.0519 0.0018
-0.0479 0.0288
-0.0260 0.0450
0.0007 0.0410
0.0275 0.0441
0.0489 0.0271
1.0000
1.6381 0.2582 0.2404 -0.9357
1.8879 -2.0226 0.0699

0.0520 0.0000
0.0351 -0.0211
0.0244 -0.0459
-0.0010 -0.0559
-0.0260 -0.0450
-0.0358 -0.0199
-0.0519 0.0018
-0.0479 0.0288
-0.0260 0.0450
0.0007 0.0410
0.0275 0.0441
0.0489 0.0271
1.0000
1.9772 -0.4760 -0.3662 -0.7996
1.8259 -2.0158 0.0702

0.0520 0.0000
0.0351 -0.0211
0.0244 -0.0459
-0.0010 -0.0559
-0.0260 -0.0450
-0.0358 -0.0199
-0.0519 0.0018
-0.0479 0.0288
-0.0260 0.0450
0.0007 0.0410
0.0275 0.0441
0.0489 0.0271
1.0000
2.8038 -0.8378 -0.5109 -0.1925
1.7669 -1.9961 0.0737

0.0520 0.0000
0.0351 -0.0211
0.0244 -0.0459
-0.0010 -0.0559
-0.0260 -0.0450
-0.0358 -0.0199
-0.0519 0.0018
-0.0479 0.0288
-0.0260 0.0450
0.0007 0.0410
0.0275 0.0441
0.0489 0.0271
1.0000
2.8384 0.7745 0.3763 -0.5085
1.7158 -1.9612 0.0809

0.0520 0.0000
0.0351 -0.0211
0.0244 -0.0459
-0.0010 -0.0559
-0.0260 -0.0450
-0.0358 -0.0199
-0.0519 0.0018
-0.0479 0.0288
-0.0260 0.0450
0.0007 0.0410
0.0275 0.0441
0.0489 0.0271
1.0000
2.6798 0.1840 0.1419 -0.9726
1.6781 -1.9128 0.0911

0.0520 0.0000
0.0351 -0.0211
0.0244 -0.0459
-0.0010 -0.0559
-0.0260 -0.0450
-0.0358 -0.0199
-0.0519 0.0018
-0.0479 0.0288
-0.0260 0.0450
0.0007 0.0410
0.0275 0.0441
0.0489 0.0271
1.0000
2.8057 -0.5747 0.0113 -0.8183
1.6557 -1.8559 0.1031

0.0520 0.0000
0.0351 -0.0211
0.0244 -0.0459
-0.0010 -0.0559
-0.0260 -0.0450
-0.0358 -0.0199
-0.0519 0.0018
-0.0479 0.0288
-0.0260 0.0450
0.0007 0.0410
0.0275 0.0441
0.0489 0.0271
1.0000
2.8891 -0.9869 -0.0169 -0.1604
1.6448 -1.7961 0.1170

0.0520 -0.0000
0.0351 -0.0211
0.0244 -0.0459
-0.0010 -0.0559
-0.0260 -0.0450
-0.0358 -0.0199
-0.0519 0.0018
-0.0479 0.0288
-0.0260 0.0450
0.0007 0.0410
0.0275 0.0441
0.0489 0.0271
1.0000
2.8481 -0.8033 -0.0246 0.5951
1.6468 -1.7359 0.1329

0.0520 0.0000
0.0351 -0.0211
0.0244 -0.0459
-0.0010 -0.0559
-0.0260 -0.0450
-0.0358 -0.0199
-0.0519 0.0018
-0.0479 0.0288
-0.0260 0.0450
0.0007 0.0410
0.0275 0.0441
0.0489 0.0271
1.0000
2.7941 -0.1345 -0.1088 0.9849
1.6610 -1.6774 0.1492

0.0520 0.0000
0.0351 -0.0211
0.0244 -0.0459
-0.0010 -0.0559
-0.0260 -0.0450
-0.0358 -0.0199
-0.0519 0.0018
-0.0479 0.0288
-0.0260 0.0450
0.0007 0.0410
0.0275 0.0441
0.0489 0.0271
1.0000
2.9425 0.5972 -0.2248 0.7700
1.6843 -1.6214 0.1643

0.0520 0.0000
0.0351 -0.0211
0.0244 -0.0459
-0.0010 -0.0559
-0.0260 -0.0450
-0.0358 -0.0199
-0.0519 0.0018
-0.0479 0.0288
-0.0260 0.0450
0.0007 0.0410
0.0275 0.0441
0.0489 0.0271
1.0000
3.0103 -0.9600 0.2560 -0.1135
1.7126 -1.5672 0.1772

0.0520 0.0000
0.0351 -0.0211
0.0244 -0.0459
-0.0010 -0.0559
-0.0260 -0.0450
-0.0358 -0.0199
-0.0519 0.0018
-0.0479 0.0288
-0.0260 0.0450
0.0007 0.0410
0.0275 0.0441
0.0489 0.0271
1.0000
2.7153 -0.7714 0.1560 0.6169
1.7430 -1.5135 0.1871

0.0520 -0.0000
0.0351 -0.0211
0.0244 -0.0459
-0.0010 -0.0559
-0.0260 -0.0450
-0.0358 -0.0199
-0.0519 0.0018
-0.0479 0.0288
-0.0260 0.0450
0.0007 0.0410
0.0275 0.0441
0.0489 0.0271
1.0000
2.6556 -0.1046 -0.0177 0.9944
1.7729 -1.4591 0.1939

0.0520 -0.0000
0.0351 -0.0211
0.0244 -0.0459
-0.0010 -0.0559
-0.0260 -0.0450
-0.0358 -0.0199
-0.0519 0.0018
-0.0479 0.0288
-0.0260 0.0450
0.0007 0.0410
0.0275 0.0441
0.0489 0.0271
1.0000
2.7924 0.6308 -0.1410 0.7631
1.8005 -1.4032 0.1975

0.0520 0.0000
0.0351 -0.0211
0.0244 -0.0459
-0.0010 -0.0559
-0.0260 -0.0450
-0.0358 -0.0199
-0.0519 0.0018
-0.0479 0.0288
-0.0260 0.0450
0.0007 0.0410
0.0275 0.0441
0.0489 0.0271
1.0000
2.8921 0.9707 -0.2298 0.0698
1.8280 -1.3477 0.1905

0.0520 0.0000
0.0351 -0.0211
0.0244 -0.0459
-0.0010 -0.0559
-0.0260 -0.0450
-0.0358 -0.0199
-0.0519 0.0018
-0.0479 0.0288
-0.0260 0.0450
0.0007 0.0410
0.0275 0.0441
0.0489 0.0271
1.0000
3.0891 -0.7062 0.3153 0.6340
1.8572 -1.2957 0.1722

0.0520 0.0000
0.0351 -0.0211
0.0244 -0.0459
-0.0010 -0.0559
-0.0260 -0.0450
-0.0358 -0.0199
-0.0519 0.0018
-0.0479 0.0288
-0.0260 0.0450
0.0007 0.0410
0.0275 0.0441
0.0489 0.0271
1.0000
2.6302 -0.0469 0.2425 0.9690
1.8876 -1.2474 0.1469

0.0520 -0.0000
0.0351 -0.0211
0.0244 -0.0459
-0.0010 -0.0559
-0.0260 -0.0450
-0.0358 -0.0199
-0.0519 0.0018
-0.0479 0.0288
-0.0260 0.0450
0.0007 0.0410
0.0275 0.0441
0.0489 0.0271
1.0000
2.4345 0.6670 -0.0310 0.7444
1.9192 -1.2002 0.1206

0.0520 -0.0000
0.0351 -0.0211
0.0244 -0.0459
-0.0010 -0.0559
-0.0260 -0.0450
-0.0358 -0.0199
-0.0519 0.0018
-0.0479 0.0288
-0.0260 0.0450
0.0007 0.0410
0.0275 0.0441
0.0489 0.0271
1.0000
2.8528 0.9556 -0.2838 0.0793
1.9527 -1.1519 0.0997

0.0520 0.0000
0.0351 -0.0211
0.0244 -0.0459
-0.0010 -0.0559
-0.0260 -0.0450
-0.0358 -0.0199
-0.0519 0.0018
-0.0479 0.0288
-0.0260 0.0450
0.0007 0.0410
0.0275 0.0441
0.0489 0.0271
1.0000
2.6370 -0.7922 0.1702 0.5861
1.9875 -1.1008 0.0966

0.0520 0.0000
0.0351 -0.0211
0.0244 -0.0459
-0.0010 -0.0559
-0.0260 -0.0450
-0.0358 -0.0199
-0.0519 0.0018
-0.0479 0.0288
-0.0260 0.0450
0.0007 0.0410
0.0275 0.0441
0.0489 0.0271
1.0000
2.5630 -0.2167 -0.3146 0.9241
2.0160 -1.0544 0.1249

0.0520 -0.0000
0.0351 -0.0211
0.0244 -0.0459
-0.0010 -0.0559
-0.0260 -0.0450
-0.0358 -0.0199
-0.0519 0.0018
-0.0479 0.0288
-0.0260 0.0450
0.0007 0.0410
0.0275 0.0441
0.0489 0.0271
1.0000
2.6859 -0.3229 0.6352 -0.7016
2.0317 -1.0265 0.1766

0.0520 0.0000
0.0351 -0.0211
0.0244 -0.0459
-0.0010 -0.0559
-0.0260 -0.0450
-0.0358 -0.0199
-0.0519 0.0018
-0.0479 0.0288
-0.0260 0.0450
0.0007 0.0410
0.0275 0.0441
0.0489 0.0271
1.0000
1.3451 -0.7956 0.3793 -0.4724
2.0262 -1.0355 0.2372

0.0520 -0.0000
0.0351 -0.0211
0.0244 -0.0459
-0.0010 -0.0559
-0.0260 -0.0450
-0.0358 -0.0199
-0.0519 0.0018
-0.0479 0.0288
-0.0260 0.0450
0.0007 0.0410
0.0275 0.0441
0.0489 0.0271
1.0000
1.5076 -0.7366 -0.6744 0.0511
2.0059 -1.0623 0.2896

0.0520 0.0000
0.0351 -0.0211
0.0244 -0.0459
-0.0010 -0.0559
-0.0260 -0.0450
-0.0358 -0.0199
-0.0519 0.0018
-0.0479 0.0288
-0.0260 0.0450
0.0007 0.0410
0.0275 0.0441
0.0489 0.0271
1.0000
2.9006 -0.3738 -0.8979 0.2324
1.9743 -1.0958 0.3314

0.0520 -0.0000
0.0351 -0.0211
0.0244 -0.0459
-0.0010 -0.0559
-0.0260 -0.0450
-0.0358 -0.0199
-0.0519 0.0018
-0.0479 0.0288
-0.0260 0.0450
0.0007 0.0410
0.0275 0.0441
0.0489 0.0271
1.0000
1.7598 0.3669 0.8636 -0.3457
1.9320 -1.1381 0.3464

0.0520 0.0000
0.0351 -0.0211
0.0244 -0.0459
-0.0010 -0.0559
-0.0260 -0.0450
-0.0358 -0.0199
-0.0519 0.0018
-0.0479 0.0288
-0.0260 0.0450
0.0007 0.0410
0.0275 0.0441
0.0489 0.0271
1.0000
0.8712 0.4026 -0.1152 -0.9081
1.8875 -1.1803 0.3358

0.0520 -0.0000
0.0351 -0.0211
0.0244 -0.0459
-0.0010 -0.0559
-0.0260 -0.0450
-0.0358 -0.0199
-0.0519 0.0018
-0.0479 0.0288
-0.0260 0.0450
0.0007 0.0410
0.0275 0.0441
0.0489 0.0271
1.0000
2.0527 -0.0022 -0.8138 -0.5811
1.8507 -1.2167 0.3017

0.0520 -0.0000
0.0351 -0.0211
0.0244 -0.0459
-0.0010 -0.0559
-0.0260 -0.0450
-0.0358 -0.0199
-0.0519 0.0018
-0.0479 0.0288
-0.0260 0.0450
0.0007 0.0410
0.0275 0.0441
0.0489 0.0271
1.0000
2.9302 0.3983 0.8450 0.3568
1.8177 -1.2453 0.2570

0.0520 -0.0000
0.0351 -0.0211
0.0244 -0.0459
-0.0010 -0.0559
-0.0260 -0.0450
-0.0358 -0.0199
-0.0519 0.0018
-0.0479 0.0288
-0.0260 0.0450
0.0007 0.0410
0.0275 0.0441
0.0489 0.0271
1.0000
1.7776 0.6437 0.7449 -0.1753
1.7745 -1.2729 0.2218

0.0520 0.0000
0.0351 -0.0211
0.0244 -0.0459
-0.0010 -0.0559
-0.0260 -0.0450
-0.0358 -0.0199
-0.0519 0.0018
-0.0479 0.0288
-0.0260 0.0450
0.0007 0.0410
0.0275 0.0441
0.0489 0.0271
1.0000
1.0348 0.4558 -0.0478 -0.8888
1.7273 -1.3034 0.1944

0.0520 0.0000
0.0351 -0.0211
0.0244 -0.0459
-0.0010 -0.0559
-0.0260 -0.0450
-0.0358 -0.0199
-0.0519 0.0018
-0.0479 0.0288
-0.0260 0.0450
0.0007 0.0410
0.0275 0.0441
0.0489 0.0271
1.0000
1.8304 -0.2127 -0.7905 -0.5743
1.6800 -1.3363 0.1702

0.0520 0.0000
0.0351 -0.0211
0.0244 -0.0459
-0.0010 -0.0559
-0.0260 -0.0450
-0.0358 -0.0199
-0.0519 0.0018
-0.0479 0.0288
-0.0260 0.0450
0.0007 0.0410
0.0275 0.0441
0.0489 0.0271
1.0000
3.1380 -0.4666 -0.8645 -0.1869
1.6312 -1.3688 0.1488

0.0520 0.0000
0.0351 -0.0211
0.0244 -0.0459
-0.0010 -0.0559
-0.0260 -0.0450
-0.0358 -0.0199
-0.0519 0.0018
-0.0479 0.0288
-0.0260 0.0450
0.0007 0.0410
0.0275 0.0441
0.0489 0.0271
1.0000
1.9111 0.6082 0.7365 -0.2961
1.5789 -1.3973 0.1299

0.0520 -0.0000
0.0351 -0.0211
0.0244 -0.0459
-0.0010 -0.0559
-0.0260 -0.0450
-0.0358 -0.0199
-0.0519 0.0018
-0.0479 0.0288
-0.0260 0.0450
0.0007 0.0410
0.0275 0.0441
0.0489 0.0271
1.0000
1.3753 0.2896 0.0500 -0.9558
1.5217 -1.4161 0.1134

0.0520 0.0000
0.0351 -0.0211
0.0244 -0.0459
-0.0010 -0.0559
-0.0260 -0.0450
-0.0358 -0.0199
-0.0519 0.0018
-0.0479 0.0288
-0.0260 0.0450
0.0007 0.0410
0.0275 0.0441
0.0489 0.0271
1.0000
2.0529 -0.4147 -0.5367 -0.7348
1.4612 -1.4207 0.0993

0.0520 -0.0000
0.0351 -0.0211
0.0244 -0.0459
-0.0010 -0.0559
-0.0260 -0.0450
-0.0358 -0.0199
-0.0519 0.0018
-0.0479 0.0288
-0.0260 0.0450
0.0007 0.0410
0.0275 0.0441
0.0489 0.0271
1.0000
3.0329 -0.7649 -0.6136 -0.1963
1.4007 -1.4114 0.0875

0.0520 -0.0000
0.0351 -0.0211
0.0244 -0.0459
-0.0010 -0.0559
-0.0260 -0.0450
-0.0358 -0.0199
-0.0519 0.0018
-0.0479 0.0288
-0.0260 0.0450
0.0007 0.0410
0.0275 0.0441
0.0489 0.0271
1.0000
2.5111 0.7485 0.4560 -0.4814
1.3424 -1.3903 0.0811

0.0520 0.0000
0.0351 -0.0211
0.0244 -0.0459
-0.0010 -0.0559
-0.0260 -0.0450
-0.0358 -0.0199
-0.0519 0.0018
-0.0479 0.0288
-0.0260 0.0450
0.0007 0.0410
0.0275 0.0441
0.0489 0.0271
1.0000
2.2825 0.1849 0.1173 -0.9757
1.2896 -1.3573 0.0814

0.0520 -0.0000
0.0351 -0.0211
0.0244 -0.0459
-0.0010 -0.0559
-0.0260 -0.0450
-0.0358 -0.0199
-0.0519 0.0018
-0.0479 0.0288
-0.0260 0.0450
0.0007 0.0410
0.0275 0.0441
0.0489 0.0271
1.0000
2.5933 -0.5701 -0.1327 -0.8108
1.2474 -1.3118 0.0864

0.0520 0.0000
0.0351 -0.0211
0.0244 -0.0459
-0.0010 -0.0559
-0.0260 -0.0450
-0.0358 -0.0199
-0.0519 0.0018
-0.0479 0.0288
-0.0260 0.0450
0.0007 0.0410
0.0275 0.0441
0.0489 0.0271
1.0000
3.0023 -0.9770 -0.1371 -0.1635
1.2206 -1.2560 0.0926

0.0520 0.0000
0.0351 -0.0211
0.0244 -0.0459
-0.0010 -0.0559
-0.0260 -0.0450
-0.0358 -0.0199
-0.0519 0.0018
-0.0479 0.0288
-0.0260 0.0450
0.0007 0.0410
0.0275 0.0441
0.0489 0.0271
1.0000
3.1031 -0.8120 -0.0127 0.5835
1.2113 -1.1947 0.0970

0.0520 0.0000
0.0351 -0.0211
0.0244 -0.0459
-0.0010 -0.0559
-0.0260 -0.0450
-0.0358 -0.0199
-0.0519 0.0018
-0.0479 0.0288
-0.0260 0.0450
0.0007 0.0410
0.0275 0.0441
0.0489 0.0271
1.0000
2.7696 -0.1581 0.0221 0.9872
1.2226 -1.1336 0.0987

0.0520 0.0000
0.0351 -0.0211
0.0244 -0.0459
-0.0010 -0.0559
-0.0260 -0.0450
-0.0358 -0.0199
-0.0519 0.0018
-0.0479 0.0288
-0.0260 0.0450
0.0007 0.0410
0.0275 0.0441
0.0489 0.0271
1.0000
2.5713 0.5677 -0.2391 0.7878
1.2556 -1.0810 0.1000

0.0520 0.0000
0.0351 -0.0211
0.0244 -0.0459
-0.0010 -0.0559
-0.0260 -0.0450
-0.0358 -0.0199
-0.0519 0.0018
-0.0479 0.0288
-0.0260 0.0450
0.0007 0.0410
0.0275 0.0441
0.0489 0.0271
1.0000
3.1016 0.8527 -0.5001 0.1514
1.3043 -1.0425 0.1047

0.0520 0.0000
0.0351 -0.0211
0.0244 -0.0459
-0.0010 -0.0559
-0.0260 -0.0450
-0.0358 -0.0199
-0.0519 0.0018
-0.0479 0.0288
-0.0260 0.0450
0.0007 0.0410
0.0275 0.0441
0.0489 0.0271
1.0000
2.2771 -0.7326 0.4657 0.4964
1.3611 -1.0189 0.1147

0.0520 -0.0000
0.0351 -0.0211
0.0244 -0.0459
-0.0010 -0.0559
-0.0260 -0.0450
-0.0358 -0.0199
-0.0519 0.0018
-0.0479 0.0288
-0.0260 0.0450
0.0007 0.0410
0.0275 0.0441
0.0489 0.0271
1.0000
1.7118 -0.1878 0.0052 0.9822
1.4208 -1.0050 0.1259

0.0520 0.0000
0.0351 -0.0211
0.0244 -0.0459
-0.0010 -0.0559
-0.0260 -0.0450
-0.0358 -0.0199
-0.0519 0.0018
-0.0479 0.0288
-0.0260 0.0450
0.0007 0.0410
0.0275 0.0441
0.0489 0.0271
1.0000
2.0656 0.4555 -0.5875 0.6688
1.4820 -1.0014 0.1371

0.0520 0.0000
0.0351 -0.0211
0.0244 -0.0459
-0.0010 -0.0559
-0.0260 -0.0450
-0.0358 -0.0199
-0.0519 0.0018
-0.0479 0.0288
-0.0260 0.0450
0.0007 0.0410
0.0275 0.0441
0.0489 0.0271
1.0000
3.1332 0.6222 -0.7736 0.1200
1.5430 -1.0084 0.1482

0.0520 0.0000
0.0351 -0.0211
0.0244 -0.0459
-0.0010 -0.0559
-0.0260 -0.0450
-0.0358 -0.0199
-0.0519 0.0018
-0.0479 0.0288
-0.0260 0.0450
0.0007 0.0410
0.0275 0.0441
0.0489 0.0271
1.0000
1.9183 -0.5951 0.7006 0.3938
1.6020 -1.0254 0.1597

0.0520 0.0000
0.0351 -0.0211
0.0244 -0.0459
-0.0010 -0.0559
-0.0260 -0.0450
-0.0358 -0.0199
-0.0519 0.0018
-0.0479 0.0288
-0.0260 0.0450
0.0007 0.0410
0.0275 0.0441
0.0489 0.0271
1.0000
1.1649 -0.2162 -0.0130 0.9763
1.6588 -1.0483 0.1720

0.0520 0.0000
0.0351 -0.0211
0.0244 -0.0459
-0.0010 -0.0559
-0.0260 -0.0450
-0.0358 -0.0199
-0.0519 0.0018
-0.0479 0.0288
-0.0260 0.0450
0.0007 0.0410
0.0275 0.0441
0.0489 0.0271
1.0000
1.8841 0.3406 -0.7536 0.5622
1.7139 -1.0746 0.1855

0.0520 -0.0000
0.0351 -0.0211
0.0244 -0.0459
-0.0010 -0.0559
-0.0260 -0.0450
-0.0358 -0.0199
-0.0519 0.0018
-0.0479 0.0288
-0.0260 0.0450
0.0007 0.0410
0.0275 0.0441
0.0489 0.0271
1.0000
3.0939 -0.5089 0.8495 -0.1392
1.7678 -1.1023 0.2006

0.0520 0.0000
0.0351 -0.0211
0.0244 -0.0459
-0.0010 -0.0559
-0.0260 -0.0450
-0.0358 -0.0199
-0.0519 0.0018
-0.0479 0.0288
-0.0260 0.0450
0.0007 0.0410
0.0275 0.0441
0.0489 0.0271
1.0000
1.8045 -0.6024 0.7305 0.3217
1.8212 -1.1298 0.2180

0.0520 -0.0000
0.0351 -0.0211
0.0244 -0.0459
-0.0010 -0.0559
-0.0260 -0.0450
-0.0358 -0.0199
-0.0519 0.0018
-0.0479 0.0288
-0.0260 0.0450
0.0007 0.0410
0.0275 0.0441
0.0489 0.0271
1.0000
1.1767 -0.3183 -0.0776 0.9448
1.8746 -1.1553 0.2378

0.0520 0.0000
0.0351 -0.0211
0.0244 -0.0459
-0.0010 -0.0559
-0.0260 -0.0450
-0.0358 -0.0199
-0.0519 0.0018
-0.0479 0.0288
-0.0260 0.0450
0.0007 0.0410
0.0275 0.0441
0.0489 0.0271
1.0000
2.0324 0.2508 -0.7400 0.6240
1.9281 -1.1782 0.2605

0.0520 0.0000
0.0351 -0.0211
0.0244 -0.0459
-0.0010 -0.0559
-0.0260 -0.0450
-0.0358 -0.0199
-0.0519 0.0018
-0.0479 0.0288
-0.0260 0.0450
0.0007 0.0410
0.0275 0.0441
0.0489 0.0271
1.0000
2.8456 -0.4853 0.8117 -0.3249
1.9749 -1.1989 0.2960

0.0520 -0.0000
0.0351 -0.0211
0.0244 -0.0459
-0.0010 -0.0559
-0.0260 -0.0450
-0.0358 -0.0199
-0.0519 0.0018
-0.0479 0.0288
-0.0260 0.0450
0.0007 0.0410
0.0275 0.0441
0.0489 0.0271
1.0000
1.6199 -0.7392 0.6567 0.1492
2.0153 -1.2212 0.3381

0.0520 0.0000
0.0351 -0.0211
0.0244 -0.0459
-0.0010 -0.0559
-0.0260 -0.0450
-0.0358 -0.0199
-0.0519 0.0018
-0.0479 0.0288
-0.0260 0.0450
0.0007 0.0410
0.0275 0.0441
0.0489 0.0271
1.0000
0.9851 -0.2017 -0.1002 0.9743
2.0605 -1.2511 0.3680

0.0520 0.0000
0.0351 -0.0211
0.0244 -0.0459
-0.0010 -0.0559
-0.0260 -0.0450
-0.0358 -0.0199
-0.0519 0.0018
-0.0479 0.0288
-0.0260 0.0450
0.0007 0.0410
0.0275 0.0441
0.0489 0.0271
1.0000
1.6729 0.5553 -0.7714 0.3108
2.1109 -1.2865 0.3626

0.0520 0.0000
0.0351 -0.0211
0.0244 -0.0459
-0.0010 -0.0559
-0.0260 -0.0450
-0.0358 -0.0199
-0.0519 0.0018
-0.0479 0.0288
-0.0260 0.0450
0.0007 0.0410
0.0275 0.0441
0.0489 0.0271
1.0000
2.8601 0.4335 -0.8613 -0.2649
2.1562 -1.3194 0.3356

0.0520 0.0000
0.0351 -0.0211
0.0244 -0.0459
-0.0010 -0.0559
-0.0260 -0.0450
-0.0358 -0.0199
-0.0519 0.0018
-0.0479 0.0288
-0.0260 0.0450
0.0007 0.0410
0.0275 0.0441
0.0489 0.0271
1.0000
2.2724 0.0077 0.7968 0.6042
2.1914 -1.3474 0.2926

0.0520 -0.0000
0.0351 -0.0211
0.0244 -0.0459
-0.0010 -0.0559
-0.0260 -0.0450
-0.0358 -0.0199
-0.0519 0.0018
-0.0479 0.0288
-0.0260 0.0450
0.0007 0.0410
0.0275 0.0441
0.0489 0.0271
1.0000
1.4448 0.7649 0.4280 0.4814
2.2117 -1.3689 0.2379

0.0520 0.0000
0.0351 -0.0211
0.0244 -0.0459
-0.0010 -0.0559
-0.0260 -0.0450
-0.0358 -0.0199
-0.0519 0.0018
-0.0479 0.0288
-0.0260 0.0450
0.0007 0.0410
0.0275 0.0441
0.0489 0.0271
1.0000
1.5092 0.8648 -0.3493 -0.3608
2.2150 -1.3830 0.1774

0.0520 0.0000
0.0351 -0.0211
0.0244 -0.0459
-0.0010 -0.0559
-0.0260 -0.0450
-0.0358 -0.0199
-0.0519 0.0018
-0.0479 0.0288
-0.0260 0.0450
0.0007 0.0410
0.0275 0.0441
0.0489 0.0271
1.0000
2.2402 0.1244 -0.6345 -0.7628
2.1988 -1.3902 0.1181

0.0520 0.0000
0.0351 -0.0211
0.0244 -0.0459
-0.0010 -0.0559
-0.0260 -0.0450
-0.0358 -0.0199
-0.0519 0.0018
-0.0479 0.0288
-0.0260 0.0450
0.0007 0.0410
0.0275 0.0441
0.0489 0.0271
1.0000
3.0280 -0.5754 -0.6075 -0.5476
2.1592 -1.3840 0.0711

0.0520 0.0000
0.0351 -0.0211
0.0244 -0.0459
-0.0010 -0.0559
-0.0260 -0.0450
-0.0358 -0.0199
-0.0519 0.0018
-0.0479 0.0288
-0.0260 0.0450
0.0007 0.0410
0.0275 0.0441
0.0489 0.0271
1.0000
2.8169 0.8985 0.4186 -0.1320
2.1099 -1.3566 0.0460

0.0520 0.0000
0.0351 -0.0211
0.0244 -0.0459
-0.0010 -0.0559
-0.0260 -0.0450
-0.0358 -0.0199
-0.0519 0.0018
-0.0479 0.0288
-0.0260 0.0450
0.0007 0.0410
0.0275 0.0441
0.0489 0.0271
1.0000
2.6475 0.4776 0.3378 -0.8110
2.0637 -1.3157 0.0485

0.0520 -0.0000
0.0351 -0.0211
0.0244 -0.0459
-0.0010 -0.0559
-0.0260 -0.0450
-0.0358 -0.0199
-0.0519 0.0018
-0.0479 0.0288
-0.0260 0.0450
0.0007 0.0410
0.0275 0.0441
0.0489 0.0271
1.0000
2.3873 -0.3254 0.2486 -0.9123
2.0274 -1.2758 0.0792

0.0520 0.0000
0.0351 -0.0211
0.0244 -0.0459
-0.0010 -0.0559
-0.0260 -0.0450
-0.0358 -0.0199
-0.0519 0.0018
-0.0479 0.0288
-0.0260 0.0450
0.0007 0.0410
0.0275 0.0441
0.0489 0.0271
1.0000
2.2675 -0.9194 -0.0263 -0.3923
2.0022 -1.2371 0.1212

0.0520 0.0000
0.0351 -0.0211
0.0244 -0.0459
-0.0010 -0.0559
-0.0260 -0.0450
-0.0358 -0.0199
-0.0519 0.0018
-0.0479 0.0288
-0.0260 0.0450
0.0007 0.0410
0.0275 0.0441
0.0489 0.0271
1.0000
2.6535 -0.8931 -0.2621 0.3656
1.9836 -1.1943 0.1626

0.0520 0.0000
0.0351 -0.0211
0.0244 -0.0459
-0.0010 -0.0559
-0.0260 -0.0450
-0.0358 -0.0199
-0.0519 0.0018
-0.0479 0.0288
-0.0260 0.0450
0.0007 0.0410
0.0275 0.0441
0.0489 0.0271
1.0000
3.0523 0.3911 0.2052 -0.8972
1.9679 -1.1423 0.1931

0.0520 0.0000
0.0351 -0.0211
0.0244 -0.0459
-0.0010 -0.0559
-0.0260 -0.0450
-0.0358 -0.0199
-0.0519 0.0018
-0.0479 0.0288
-0.0260 0.0450
0.0007 0.0410
0.0275 0.0441
0.0489 0.0271
1.0000
3.0063 -0.3404 -0.0890 -0.9360
1.9538 -1.0825 0.2009

0.0520 0.0000
0.0351 -0.0211
0.0244 -0.0459
-0.0010 -0.0559
-0.0260 -0.0450
-0.0358 -0.0199
-0.0519 0.0018
-0.0479 0.0288
-0.0260 0.0450
0.0007 0.0410
0.0275 0.0441
0.0489 0.0271
1.0000
2.7902 0.8932 0.0269 0.4489
1.9500 -1.0231 0.1834

0.0520 -0.0000
0.0351 -0.0211
0.0244 -0.0459
-0.0010 -0.0559
-0.0260 -0.0450
-0.0358 -0.0199
-0.0519 0.0018
-0.0479 0.0288
-0.0260 0.0450
0.0007 0.0410
0.0275 0.0441
0.0489 0.0271
1.0000
3.0577 -0.9278 0.2645 0.2630
1.9694 -0.9658 0.1710

0.0520 -0.0000
0.0351 -0.0211
0.0244 -0.0459
-0.0010 -0.0559
-0.0260 -0.0450
-0.0358 -0.0199
-0.0519 0.0018
-0.0479 0.0288
-0.0260 0.0450
0.0007 0.0410
0.0275 0.0441
0.0489 0.0271
1.0000
2.4542 -0.4719 0.2541 0.8442
2.0090 -0.9180 0.1672

0.0520 -0.0000
0.0351 -0.0211
0.0244 -0.0459
-0.0010 -0.0559
-0.0260 -0.0450
-0.0358 -0.0199
-0.0519 0.0018
-0.0479 0.0288
-0.0260 0.0450
0.0007 0.0410
0.0275 0.0441
0.0489 0.0271
1.0000
2.1019 0.2655 -0.1077 0.9581
2.0605 -0.8833 0.1619

0.0520 -0.0000
0.0351 -0.0211
0.0244 -0.0459
-0.0010 -0.0559
-0.0260 -0.0450
-0.0358 -0.0199
-0.0519 0.0018
-0.0479 0.0288
-0.0260 0.0450
0.0007 0.0410
0.0275 0.0441
0.0489 0.0271
1.0000
2.5655 0.7527 -0.4842 0.4461
2.1166 -0.8561 0.1587

0.0520 0.0000
0.0351 -0.0211
0.0244 -0.0459
-0.0010 -0.0559
-0.0260 -0.0450
-0.0358 -0.0199
-0.0519 0.0018
-0.0479 0.0288
-0.0260 0.0450
0.0007 0.0410
0.0275 0.0441
0.0489 0.0271
1.0000
2.7788 -0.8393 0.5147 0.1751
2.1738 -0.8311 0.1612

0.0520 -0.0000
0.0351 -0.0211
0.0244 -0.0459
-0.0010 -0.0559
-0.0260 -0.0450
-0.0358 -0.0199
-0.0519 0.0018
-0.0479 0.0288
-0.0260 0.0450
0.0007 0.0410
0.0275 0.0441
0.0489 0.0271
1.0000
2.1879 -0.6251 0.0787 0.7766
2.2260 -0.8013 0.1765

0.0520 -0.0000
0.0351 -0.0211
0.0244 -0.0459
-0.0010 -0.0559
-0.0260 -0.0450
-0.0358 -0.0199
-0.0519 0.0018
-0.0479 0.0288
-0.0260 0.0450
0.0007 0.0410
0.0275 0.0441
0.0489 0.0271
1.0000
2.9250 -0.0301 -0.3851 0.9224
2.2540 -0.7612 0.2127

0.0520 0.0000
0.0351 -0.0211
0.0244 -0.0459
-0.0010 -0.0559
-0.0260 -0.0450
-0.0358 -0.0199
-0.0519 0.0018
-0.0479 0.0288
-0.0260 0.0450
0.0007 0.0410
0.0275 0.0441
0.0489 0.0271
1.0000
2.1277 -0.5458 0.3030 -0.7812
2.2473 -0.7243 0.2609

0.0520 0.0000
0.0351 -0.0211
0.0244 -0.0459
-0.0010 -0.0559
-0.0260 -0.0450
-0.0358 -0.0199
-0.0519 0.0018
-0.0479 0.0288
-0.0260 0.0450
0.0007 0.0410
0.0275 0.0441
0.0489 0.0271
1.0000
1.8305 -0.8329 -0.4612 -0.3058
2.2081 -0.7145 0.3072

0.0520 0.0000
0.0351 -0.0211
0.0244 -0.0459
-0.0010 -0.0559
-0.0260 -0.0450
-0.0358 -0.0199
-0.0519 0.0018
-0.0479 0.0288
-0.0260 0.0450
0.0007 0.0410
0.0275 0.0441
0.0489 0.0271
1.0000
2.9770 -0.6367 -0.7504 0.1774
2.1545 -0.7203 0.3383

0.0520 0.0000
0.0351 -0.0211
0.0244 -0.0459
-0.0010 -0.0559
-0.0260 -0.0450
-0.0358 -0.0199
-0.0519 0.0018
-0.0479 0.0288
-0.0260 0.0450
0.0007 0.0410
0.0275 0.0441
0.0489 0.0271
1.0000
2.0150 0.5060 0.6003 -0.6194
2.0944 -0.7279 0.3525

0.0520 0.0000
0.0351 -0.0211
0.0244 -0.0459
-0.0010 -0.0559
-0.0260 -0.0450
-0.0358 -0.0199
-0.0519 0.0018
-0.0479 0.0288
-0.0260 0.0450
0.0007 0.0410
0.0275 0.0441
0.0489 0.0271
1.0000
1.5296 0.0262 -0.1433 -0.9893
2.0323 -0.7318 0.3493

0.0520 -0.0000
0.0351 -0.0211
0.0244 -0.0459
-0.0010 -0.0559
-0.0260 -0.0450
-0.0358 -0.0199
-0.0519 0.0018
-0.0479 0.0288
-0.0260 0.0450
0.0007 0.0410
0.0275 0.0441
0.0489 0.0271
1.0000
2.3586 -0.4317 -0.6857 -0.5861
1.9725 -0.7364 0.3323

0.0520 0.0000
0.0351 -0.0211
0.0244 -0.0459
-0.0010 -0.0559
-0.0260 -0.0450
-0.0358 -0.0199
-0.0519 0.0018
-0.0479 0.0288
-0.0260 0.0450
0.0007 0.0410
0.0275 0.0441
0.0489 0.0271
1.0000
2.5704 0.6353 0.7421 0.2136
1.9193 -0.7443 0.3010

0.0520 0.0000
0.0351 -0.0211
0.0244 -0.0459
-0.0010 -0.0559
-0.0260 -0.0450
-0.0358 -0.0199
-0.0519 0.0018
-0.0479 0.0288
-0.0260 0.0450
0.0007 0.0410
0.0275 0.0441
0.0489 0.0271
1.0000
1.3438 0.9380 0.3014 -0.1712
1.8825 -0.7587 0.2534

0.0520 0.0000
0.0351 -0.0211
0.0244 -0.0459
-0.0010 -0.0559
-0.0260 -0.0450
-0.0358 -0.0199
-0.0519 0.0018
-0.0479 0.0288
-0.0260 0.0450
0.0007 0.0410
0.0275 0.0441
0.0489 0.0271
1.0000
1.8123 0.5899 -0.6947 -0.4115
1.8737 -0.7801 0.1961

0.0520 -0.0000
0.0351 -0.0211
0.0244 -0.0459
-0.0010 -0.0559
-0.0260 -0.0450
-0.0358 -0.0199
-0.0519 0.0018
-0.0479 0.0288
-0.0260 0.0450
0.0007 0.0410
0.0275 0.0441
0.0489 0.0271
1.0000
2.8899 -0.3461 0.7880 0.5091
1.8984 -0.7997 0.1436

0.0520 0.0000
0.0351 -0.0211
0.0244 -0.0459
-0.0010 -0.0559
-0.0260 -0.0450
-0.0358 -0.0199
-0.0519 0.0018
-0.0479 0.0288
-0.0260 0.0450
0.0007 0.0410
0.0275 0.0441
0.0489 0.0271
1.0000
1.6345 -0.0494 0.4727 0.8798
1.9491 -0.8124 0.1103

0.0520 -0.0000
0.0351 -0.0211
0.0244 -0.0459
-0.0010 -0.0559
-0.0260 -0.0450
-0.0358 -0.0199
-0.0519 0.0018
-0.0479 0.0288
-0.0260 0.0450
0.0007 0.0410
0.0275 0.0441
0.0489 0.0271
1.0000
1.5635 0.5248 -0.4230 0.7387
2.0078 -0.8231 0.0921

0.0520 -0.0000
0.0351 -0.0211
0.0244 -0.0459
-0.0010 -0.0559
-0.0260 -0.0450
-0.0358 -0.0199
-0.0519 0.0018
-0.0479 0.0288
-0.0260 0.0450
0.0007 0.0410
0.0275 0.0441
0.0489 0.0271
1.0000
2.5911 0.6113 -0.7784 0.1429
2.0679 -0.8367 0.0821

0.0520 0.0000
0.0351 -0.0211
0.0244 -0.0459
-0.0010 -0.0559
-0.0260 -0.0450
-0.0358 -0.0199
-0.0519 0.0018
-0.0479 0.0288
-0.0260 0.0450
0.0007 0.0410
0.0275 0.0441
0.0489 0.0271
1.0000
2.3540 -0.5445 0.7930 0.2732
2.1267 -0.8574 0.0786

0.0520 0.0000
0.0351 -0.0211
0.0244 -0.0459
-0.0010 -0.0559
-0.0260 -0.0450
-0.0358 -0.0199
-0.0519 0.0018
-0.0479 0.0288
-0.0260 0.0450
0.0007 0.0410
0.0275 0.0441
0.0489 0.0271
1.0000
1.3174 -0.4779 0.2712 0.8355
2.1842 -0.8797 0.0868

0.0520 0.0000
0.0351 -0.0211
0.0244 -0.0459
-0.0010 -0.0559
-0.0260 -0.0450
-0.0358 -0.0199
-0.0519 0.0018
-0.0479 0.0288
-0.0260 0.0450
0.0007 0.0410
0.0275 0.0441
0.0489 0.0271
1.0000
2.2508 -0.0705 -0.5548 0.8290
2.2339 -0.8878 0.1208

0.0520 -0.0000
0.0351 -0.0211
0.0244 -0.0459
-0.0010 -0.0559
-0.0260 -0.0450
-0.0358 -0.0199
-0.0519 0.0018
-0.0479 0.0288
-0.0260 0.0450
0.0007 0.0410
0.0275 0.0441
0.0489 0.0271
1.0000
2.2490 -0.2696 0.3644 -0.8913
2.2411 -0.8677 0.1748

0.0520 -0.0000
0.0351 -0.0211
0.0244 -0.0459
-0.0010 -0.0559
-0.0260 -0.0450
-0.0358 -0.0199
-0.0519 0.0018
-0.0479 0.0288
-0.0260 0.0450
0.0007 0.0410
0.0275 0.0441
0.0489 0.0271
1.0000
2.2549 -0.7723 -0.2630 -0.5783
2.1944 -0.8405 0.2051

0.0520 0.0000
0.0351 -0.0211
0.0244 -0.0459
-0.0010 -0.0559
-0.0260 -0.0450
-0.0358 -0.0199
-0.0519 0.0018
-0.0479 0.0288
-0.0260 0.0450
0.0007 0.0410
0.0275 0.0441
0.0489 0.0271
1.0000
2.8850 -0.9657 -0.1920 0.1749
2.1568 -0.7966 0.2257

0.0520 -0.0000
0.0351 -0.0211
0.0244 -0.0459
-0.0010 -0.0559
-0.0260 -0.0450
-0.0358 -0.0199
-0.0519 0.0018
-0.0479 0.0288
-0.0260 0.0450
0.0007 0.0410
0.0275 0.0441
0.0489 0.0271
1.0000
3.0723 -0.5614 0.0164 0.8274
2.1500 -0.7361 0.2362

0.0520 0.0000
0.0351 -0.0211
0.0244 -0.0459
-0.0010 -0.0559
-0.0260 -0.0450
-0.0358 -0.0199
-0.0519 0.0018
-0.0479 0.0288
-0.0260 0.0450
0.0007 0.0410
0.0275 0.0441
0.0489 0.0271
1.0000
2.9476 0.1904 0.0261 0.9814
2.1600 -0.6746 0.2321

0.0520 -0.0000
0.0351 -0.0211
0.0244 -0.0459
-0.0010 -0.0559
-0.0260 -0.0450
-0.0358 -0.0199
-0.0519 0.0018
-0.0479 0.0288
-0.0260 0.0450
0.0007 0.0410
0.0275 0.0441
0.0489 0.0271
1.0000
3.0024 0.8280 -0.0413 0.5592
2.1692 -0.6129 0.2281

0.0520 -0.0000
0.0351 -0.0211
0.0244 -0.0459
-0.0010 -0.0559
-0.0260 -0.0450
-0.0358 -0.0199
-0.0519 0.0018
-0.0479 0.0288
-0.0260 0.0450
0.0007 0.0410
0.0275 0.0441
0.0489 0.0271
1.0000
3.0543 0.9754 -0.1118 -0.1902
2.1801 -0.5517 0.2218

0.0520 0.0000
0.0351 -0.0211
0.0244 -0.0459
-0.0010 -0.0559
-0.0260 -0.0450
-0.0358 -0.0199
-0.0519 0.0018
-0.0479 0.0288
-0.0260 0.0450
0.0007 0.0410
0.0275 0.0441
0.0489 0.0271
1.0000
3.0388 -0.5543 0.1220 0.8233
2.1936 -0.4913 0.2130

0.0520 0.0000
0.0351 -0.0211
0.0244 -0.0459
-0.0010 -0.0559
-0.0260 -0.0450
-0.0358 -0.0199
-0.0519 0.0018
-0.0479 0.0288
-0.0260 0.0450
0.0007 0.0410
0.0275 0.0441
0.0489 0.0271
1.0000
2.9242 0.1907 0.0381 0.9809
2.2067 -0.4308 0.2048

0.0520 -0.0000
0.0351 -0.0211
0.0244 -0.0459
-0.0010 -0.0559
-0.0260 -0.0450
-0.0358 -0.0199
-0.0519 0.0018
-0.0479 0.0288
-0.0260 0.0450
0.0007 0.0410
0.0275 0.0441
0.0489 0.0271
1.0000
2.9469 0.8279 -0.0502 0.5587
2.2187 -0.3698 0.1981

0.0520 0.0000
0.0351 -0.0211
0.0244 -0.0459
-0.0010 -0.0559
-0.0260 -0.0450
-0.0358 -0.0199
-0.0519 0.0018
-0.0479 0.0288
-0.0260 0.0450
0.0007 0.0410
0.0275 0.0441
0.0489 0.0271
1.0000
3.0781 0.9764 -0.1035 -0.1894
2.2305 -0.3088 0.1917

0.0520 0.0000
0.0351 -0.0211
0.0244 -0.0459
-0.0010 -0.0559
-0.0260 -0.0450
-0.0358 -0.0199
-0.0519 0.0018
-0.0479 0.0288
-0.0260 0.0450
0.0007 0.0410
0.0275 0.0441
0.0489 0.0271
1.0000
3.0389 -0.5571 0.0943 0.8250
2.2424 -0.2477 0.1855

0.0520 -0.0000
0.0351 -0.0211
0.0244 -0.0459
-0.0010 -0.0559
-0.0260 -0.0450
-0.0358 -0.0199
-0.0519 0.0018
-0.0479 0.0288
-0.0260 0.0450
0.0007 0.0410
0.0275 0.0441
0.0489 0.0271
1.0000
2.9363 0.1901 0.0294 0.9813
2.2542 -0.1867 0.1795

0.0520 -0.0000
0.0351 -0.0211
0.0244 -0.0459
-0.0010 -0.0559
-0.0260 -0.0450
-0.0358 -0.0199
-0.0519 0.0018
-0.0479 0.0288
-0.0260 0.0450
0.0007 0.0410
0.0275 0.0441
0.0489 0.0271
1.0000
2.9565 0.8275 -0.0522 0.5590
2.2660 -0.1256 0.1735

0.0520 0.0000
0.0351 -0.0211
0.0244 -0.0459
-0.0010 -0.0559
-0.0260 -0.0450
-0.0358 -0.0199
-0.0519 0.0018
-0.0479 0.0288
-0.0260 0.0450
0.0007 0.0410
0.0275 0.0441
0.0489 0.0271
1.0000
3.0841 0.9766 -0.1019 -0.1892
2.2778 -0.0645 0.1676

0.0520 0.0000
0.0351 -0.0211
0.0244 -0.0459
-0.0010 -0.0559
-0.0260 -0.0450
-0.0358 -0.0199
-0.0519 0.0018
-0.0479 0.0288
-0.0260 0.0450
0.0007 0.0410
0.0275 0.0441
0.0489 0.0271
1.0000
3.0392 -0.5573 0.0929 0.8251
2.2895 -0.0034 0.1617

0.0520 0.0000
0.0351 -0.0211
0.0244 -0.0459
-0.0010 -0.0559
-0.0260 -0.0450
-0.0358 -0.0199
-0.0519 0.0018
-0.0479 0.0288
-0.0260 0.0450
0.0007 0.0410
0.0275 0.0441
0.0489 0.0271
1.0000
2.9376 0.1902 0.0307 0.9813
2.3012 0.0577 0.1556

0.0520 -0.0000
0.0351 -0.0211
0.0244 -0.0459
-0.0010 -0.0559
-0.0260 -0.0450
-0.0358 -0.0199
-0.0519 0.0018
-0.0479 0.0288
-0.0260 0.0450
0.0007 0.0410
0.0275 0.0441
0.0489 0.0271
1.0000
2.9520 0.8278 -0.0498 0.5588
2.3129 0.1188 0.1494

0.0520 -0.0000
0.0351 -0.0211
0.0244 -0.0459
-0.0010 -0.0559
-0.0260 -0.0450
-0.0358 -0.0199
-0.0519 0.0018
-0.0479 0.0288
-0.0260 0.0450
0.0007 0.0410
0.0275 0.0441
0.0489 0.0271
1.0000
3.0751 0.9765 -0.1025 -0.1896
2.3246 0.1799 0.1430

0.0520 0.0000
0.0351 -0.0211
0.0244 -0.0459
-0.0010 -0.0559
-0.0260 -0.0450
-0.0358 -0.0199
-0.0519 0.0018
-0.0479 0.0288
-0.0260 0.0450
0.0007 0.0410
0.0275 0.0441
0.0489 0.0271
1.0000
3.0448 -0.5566 0.0976 0.8250
2.3363 0.2409 0.1364

0.0520 -0.0000
0.0351 -0.0211
0.0244 -0.0459
-0.0010 -0.0559
-0.0260 -0.0450
-0.0358 -0.0199
-0.0519 0.0018
-0.0479 0.0288
-0.0260 0.0450
0.0007 0.0410
0.0275 0.0441
0.0489 0.0271
0.0000
2.9335 0.1907 0.0363 0.9810
2.3481 0.3019 0.1297

